北京大学	709	120	149	143
清华大学	706	129	149	137
复旦大学	704	128	149	144
上海交通大学	704	124	148	141
复旦大学医学院	699	125	134	140
北京大学医学部	697	133	135	147
中国科学技术大学	693	123	145	136
上海交通大学医学院	691	123	138	136
浙江大学	691	135	145	136
南京大学	689	130	139	143
中国人民大学	689	122	139	140
北京航空航天大学	685	131	135	141
浙江大学医学院	679	123	141	134
北京理工大学	676	118	139	143
西安交通大学	675	125	135	135
中央财经大学	675	126	130	139
同济大学	669	123	135	128
南开大学	668	122	130	133
北京师范大学	667	120	134	139
武汉大学	667	122	135	132
北京外国语大学	664	133	129	138
北京邮电大学	662	115	132	133
天津大学	662	127	127	135
中国人民大学(苏州校区)	661	124	135	134
华中科技大学	659	115	141	132
东南大学	658	126	128	138
厦门大学	658	122	114	135
中山大学	658	123	132	129
哈尔滨工业大学	657	128	133	129
中国政法大学	656	123	122	137
西南财经大学	655	121	129	136
电子科技大学	654	112	127	134
华东师范大学	654	120	130	132
华南理工大学	651	126	137	129
北京交通大学	650	128	132	132
上海外国语大学	650	130	135	140
西北工业大学	650	111	132	134
大连理工大学	649	123	137	127
上海财经大学	648	129	130	133
首都医科大学	648	121	125	143
华北电力大学(北京)	645	111	138	131
ft东大学	645	122	128	136
四川大学	645	122	130	140
北京科技大学	643	114	124	136
对外经济贸易大学	643	131	130	138
南京航空航天大学	643	122	115	139
中南大学	642	120	127	141
湖南大学	641	115	124	140
中国传媒大学	641	125	133	134
重庆大学	641	126	129	136
天津医科大学	640	115	121	139
西安电子科技大学	638	123	119	137
中国农业大学	638	127	135	137
哈尔滨工业大学(威海)	636	132	128	141
中南财经政法大学	636	134	126	131
北京工业大学	635	120	119	128
吉林大学	635	113	127	124
南京理工大学	635	128	125	125
南京审计大学	635	121	125	137
中央民族大学	635	122	124	141
电子科技大学(沙河校区)	634	128	127	125
东北大学	634	117	126	137
中国海洋大学	634	122	123	139
北京电影学院	633	126	125	131
东北财经大学	633	124	124	139
首都经济贸易大学	633	121	123	136
上海大学	632	123	118	138
北京化工大学	631	106	136	112
兰州大学	631	123	115	135
西南交通大学	631	114	133	121
ft东大学威海分校	629	129	128	126
苏州大学	629	112	130	139
中国医科大学	629	117	126	126
北京第二外国语学院	628	130	104	143
北京林业大学	628	109	135	122
华北电力大学(保定)	628	116	118	117
华中师范大学	628	114	121	127
武汉理工大学	628	126	121	132
华东理工大学	627	121	121	133
北京邮电大学(宏福校区)	626	126	124	135
大连医科大学	626	111	128	118
哈尔滨工程大学	626	125	115	130
天津财经大学	626	122	123	122
东华大学	624	121	126	131
南方医科大学	624	112	109	130
河海大学	623	116	121	127
南京邮电大学	623	115	124	133
中国地质大学(北京)	623	115	125	122
中国石油大学(北京)	623	112	124	133
华东政法大学	622	131	121	131
上海对外经贸大学	622	114	128	130
北京工商大学	621	109	121	119
北京语言大学	621	123	109	133
长安大学	621	121	125	131
大连海事大学	621	110	112	130
大连理工大学(盘锦校区)	621	126	125	130
中国药科大学	621	128	119	131
北京中医药大学	620	117	129	129
合肥工业大学	620	124	130	125
江南大学	620	120	119	127
西北大学	620	110	130	117
ft西医科大学	619	113	126	127
中国矿业大学(北京)	619	111	140	119
福州大学	618	114	119	136
西南政法大学	618	120	127	133
哈尔滨医科大学	617	121	126	118
首都师范大学	617	122	121	127
上海立信会计金融学院	616	122	120	133
深圳大学	615	124	122	117
南京财经大学	614	110	122	126
东北大学秦皇岛分校	613	124	122	124
广东外语外贸大学	613	132	113	138
辽宁大学	613	122	127	117
西南大学	613	122	117	130
南京师范大学	612	126	116	137
中国地质大学(武汉)	612	115	130	135
陕西师范大学	611	127	120	116
西安外国语大学	611	133	107	132
江西财经大学	610	103	125	131
上海理工大学	608	109	128	125
天津中医药大学	608	104	117	126
东北师范大学	607	118	124	136
华南师范大学	607	127	127	134
中国石油大学(华东)	607	117	131	127
成都中医药大学	606	117	121	118
西北政法大学	606	124	121	126
郑州大学	606	108	125	130
安徽大学	605	116	117	137
四川外国语大学	605	117	121	130
西北农林科技大学	605	115	120	133
南昌大学	604	123	129	130
湖南师范大学	603	131	115	130
北京信息科技大学	602	122	129	112
杭州电子科技大学	602	116	125	118
合肥工业大学(宣城校区)	602	120	124	110
东北电力大学	601	122	113	129
河北工业大学	601	121	120	127
北京交通大学(威海校区)	600	118	123	107
北京建筑大学	599	121	107	133
广州中医药大学	599	121	118	115
ft西财经大学	599	120	121	133
北方工业大学	598	112	121	128
天津师范大学	598	122	125	131
云南大学	598	119	124	129
中国矿业大学	598	124	121	127
ft东财经大学	597	129	97	137
上海海事大学	597	120	124	134
浙江工业大学	597	108	117	113
北京体育大学	596	111	124	133
南京农业大学	596	109	120	99
太原理工大学	596	120	117	116
浙江财经大学	596	119	115	135
南京工业大学	595	125	128	127
北京物资学院	594	122	124	126
广西大学	594	119	114	117
贵州大学	594	122	119	129
新疆医科大学	594	129	111	118
重庆邮电大学	594	118	134	132
华中农业大学	593	119	120	107
江苏大学	593	108	123	122
宁波诺丁汉大学	593	128	111	125
中国民航大学	593	117	126	126
南京信息工程大学	591	126	118	118
天津理工大学	591	110	128	118
青岛大学	590	120	120	114
西安建筑科技大学	590	115	120	113
燕ft大学	590	108	128	125
重庆工商大学	590	113	106	123
海南大学	589	109	114	124
天津工业大学	589	112	130	122
天津科技大学	588	122	109	128
浙江理工大学	588	118	122	129
宁波大学	587	121	121	116
西安邮电大学	587	114	126	125
大连交通大学	586	127	129	114
武汉科技大学	586	101	127	121
湘潭大学	586	118	116	115
广州大学	585	115	115	121
内蒙古大学	585	115	111	131
西安理工大学	585	109	119	128
东北林业大学	584	116	115	130
东北农业大学	584	100	125	111
湖北大学	584	124	114	123
四川农业大学	584	113	102	139
浙江师范大学	584	121	111	136
哈尔滨理工大学	583	121	117	118
南京林业大学	583	120	131	131
青岛科技大学	583	125	109	129
沈阳航空航天大学	583	129	103	110
西安科技大学	583	115	114	123
延边大学	583	118	111	118
扬州大学	583	117	111	126
长沙理工大学	582	110	126	131
济南大学	582	109	122	107
青岛理工大学	582	112	115	130
ft西大学	582	113	118	114
西安工业大学	582	114	121	112
福建医科大学	581	118	119	126
湖南中医药大学	581	107	123	122
安徽财经大学	580	119	106	125
集美大学	579	131	101	136
宁夏大学	579	103	109	122
广东工业大学	578	122	112	112
黑龙江中医药大学	578	110	112	100
南昌航空大学	578	117	116	118
沈阳药科大学	577	119	118	113
天津商业大学	577	120	119	135
重庆交通大学	577	110	120	124
成都理工大学	576	114	109	130
沈阳工业大学	576	112	122	108
重庆理工大学	576	123	106	133
长春理工大学	575	119	117	128
华南农业大学	575	112	116	124
西交利物浦大学	575	119	115	122
ft东科技大学	574	118	97	129
河南大学	573	112	117	113
ft东理工大学	573	114	114	124
北京印刷学院	572	118	124	113
河北医科大学	572	119	105	129
沈阳理工大学	572	115	132	99
中国计量大学	572	111	112	125
杭州师范大学	571	127	117	131
江苏科技大学	571	114	106	102
兰州交通大学	571	119	123	110
石家庄铁道大学	571	104	127	116
桂林电子科技大学	570	119	112	111
陕西科技大学	570	114	98	129
上海电机学院	570	116	123	76
上海政法学院	570	122	112	145
武汉工程大学	570	118	106	130
中北大学	570	107	109	121
黑龙江大学	569	107	122	120
青海大学	569	115	124	125
西安石油大学	568	112	114	123
河北大学	567	118	108	115
沈阳建筑大学	567	113	111	129
北京师范大学-香港浸会大学联合国际学院	566	120	119	137
大连民族大学	566	109	115	135
华北水利水电大学	566	121	109	107
ft东师范大学	565	114	119	114
首都体育学院	565	108	119	127
温州肯恩大学	565	110	100	128
福建师范大学	564	125	104	136
三峡大学	564	113	117	130
福建农林大学	563	109	124	112
华东交通大学	563	114	123	126
昆明理工大学	563	112	121	107
浙江海洋大学	563	110	107	128
西南科技大学	561	114	122	124
河北经贸大学	560	117	106	105
中南林业科技大学	560	109	125	131
安徽工业大学	559	116	111	127
湖南科技大学	559	105	114	119
安徽理工大学	558	119	122	110
辽宁工程技术大学	558	114	99	126
辽宁科技大学	558	119	111	92
南华大学	558	118	103	133
江西理工大学	557	113	91	130
西南石油大学	556	111	107	124
中南民族大学	555	122	100	118
湖北工业大学	554	120	120	121
石河子大学	554	116	119	119
河北科技大学	553	113	111	119
新疆大学	553	105	113	116
太原科技大学	552	102	111	113
北京农学院	551	119	101	126
河北金融学院	551	121	105	106
河北师范大学	551	109	118	130
河南工业大学	551	112	130	97
河南理工大学	551	110	117	109
东华理工大学	550	96	115	117
湖南农业大学	549	111	121	126
辽宁师范大学	549	119	104	129
曲阜师范大学	549	116	113	111
西安工程大学	549	106	111	116
西南民族大学	549	121	108	133
长江大学	548	112	123	106
哈尔滨商业大学	547	98	97	110
沈阳农业大学	547	103	108	115
华北理工大学(唐ft市)	546	107	120	117
安徽农业大学	545	116	128	91
渤海大学	544	110	121	109
河北大学(医学部校区)	543	108	98	132
四川师范大学	542	114	103	105
南昌工程学院	541	116	99	126
河北科技师范学院	539	113	102	115
东莞理工学院	538	105	104	115
北华航天工业学院	537	96	112	103
哈尔滨师范大学	537	110	108	112
河北工程大学	537	107	118	104
河北地质大学	535	109	104	119
河北农业大学(保定市)	533	108	111	124
吉林农业大学	532	116	121	106
辽宁石油化工大学	532	104	102	116
中国石油大学(北京)克拉玛依校区	526	115	101	107
东北石油大学	525
河北农业大学(黄骅市)	525
河北农业大学(秦皇岛市)	525


北大	709
清华	706

复旦	704
上交	704
中科	693
浙大	691
南京	689
人民	689

北航	685
央财	675
西交	675
同济	669
南开	668
上财	648

北理	676
北师	667
武大	667
北邮	662
天大	662
华科	659
东南	658
厦大	658
中山	658
哈工	657
政法	656
外贸	643

西南财经	655
华东师范	654
四川大学	645
山东大学	645
华南理工	651
大连理工	649
中南大学	642
南京航空	643
电子科技	654
北京交通	650
西北工业	650
中国农业	638

吉林大学	635
湖南大学	641
中国传媒	641
中南财经	636
重庆大学	641
华东理工	627
南京理工	635
东北大学	634
华北电力	645
北京科技	643
西安电子	638
中国海洋	634

北京工业	635
南京审计	635
中央民族	635
东北财经	633
首都经贸	633
上海大学	632
北京化工	631
兰州大学	631
西南交通	631
苏州大学	629
北京林业	628
华中师范	628
武汉理工	628
哈滨工程	626
天津财经	626
东华大学	624
河海大学	623
南京邮电	623

中国地质	623
中国石油	623
华东政法	622
北京工商	621
长安大学	621
大连海事	621
合肥工业	620
江南大学	620
西北大学	620
中国矿业	619
福州大学	618
西南政法	618
首都师范	617
深圳大学	615
南京财经	614
辽宁大学	613
西南大学	613
南京师范	612

陕西师范	611
江西财经	610
上海理工	608
东北师范	607
华南师范	607
西北政法	606
郑州大学	606
安徽大学	605
西北农林	605
南昌大学	604
湖南大学	603
北京信息	602
杭州电子	602
东北电力	601
河北工业	601
北京建筑	599
山西财经	599
北方工业	598
天津师范	598
云南大学	598
山东财经	597
上海海事	597
浙江工业	597
太原理工	596

浙江财经	596
南京工业	595
广西大学	594
贵州大学	594
重庆邮电	594
江苏大学	593
南京信息	591
天津理工	591
青岛大学	590
西安建筑	590
燕山大学	590
重庆工商	590
海南大学	589
天津工业	589
天津科技	588
浙江理工	588
宁波大学	587
西安邮电	587
大连交通	586
武汉科技	586
湘潭大学	586
广州大学	585
内蒙大学	585
西安理工	585

湖北大学	584
浙江师范	584
哈滨理工	583
青岛科技	583
沈阳航空	583
西安科技	583
延边大学	583
扬州大学	583
长沙理工	582
济南大学	582
青岛理工	582
山西大学	582
西安工业	582
安徽财经	580
集美大学	579
宁夏大学	579
广东工业	578
南昌航空	578
天津商业	577
重庆交通	577
成都理工	576
沈阳工业	576
重庆理工	576
长春理工	575